192 1 // monthly UK log(petrol price) 1969-1984
-2.27330
-2.27923
-2.28217
-2.29389
-2.29244
-2.29679
-2.26554
-2.26263
-2.26554
-2.27277
-2.27565
-2.28281
-2.28992
-2.29557
-2.30119
-2.31647
-2.31923
-2.32197
-2.33017
-2.32882
-2.32867
-2.33945
-2.34613
-2.35276
-2.33577
-2.34227
-2.35002
-2.35694
-2.36321
-2.36945
-2.37565
-2.37688
-2.37812
-2.38304
-2.38916
-2.39402
-2.40007
-2.40488
-2.40848
-2.41800
-2.42273
-2.42861
-2.42022
-2.42836
-2.41979
-2.43353
-2.43693
-2.44144
-2.44819
-2.45489
-2.46043
-2.47906
-2.46993
-2.47531
-2.47958
-2.48278
-2.49125
-2.51110
-2.49068
-2.36244
-2.38163
-2.22413
-2.23295
-2.17118
-2.18521
-2.19538
-2.20454
-2.22380
-2.23467
-2.25430
-2.12563
-2.14028
-2.01720
-2.03374
-2.05324
-2.09113
-2.13211
-2.15126
-2.16142
-2.16717
-2.17575
-2.18988
-2.20174
-2.16044
-2.17337
-2.18614
-2.19146
-2.21053
-2.22155
-2.22669
-2.21563
-2.22960
-2.24277
-2.24149
-2.25546
-2.26865
-2.28819
-2.29857
-2.31403
-2.27793
-2.27276
-2.28103
-2.30422
-2.37907
-2.38798
-2.39993
-2.40771
-2.41541
-2.42540
-2.42642
-2.44464
-2.46516
-2.47020
-2.47181
-2.47277
-2.48170
-2.48390
-2.49199
-2.46234
-2.46781
-2.47149
-2.46097
-2.43544
-2.40370
-2.39928
-2.21877
-2.17031
-2.18043
-2.19534
-2.21525
-2.22842
-2.22932
-2.26553
-2.23386
-2.23143
-2.19198
-2.20149
-2.19055
-2.20962
-2.22383
-2.24191
-2.26151
-2.28343
-2.27503
-2.25608
-2.26334
-2.14853
-2.16142
-2.18046
-2.17278
-2.12764
-2.08353
-2.09376
-2.11463
-2.11156
-2.14585
-2.18258
-2.22489
-2.21789
-2.19560
-2.19549
-2.15888
-2.16484
-2.14381
-2.12799
-2.13736
-2.14175
-2.14568
-2.18382
-2.17457
-2.17909
-2.13288
-2.13733
-2.13973
-2.11977
-2.12496
-2.12963
-2.13316
-2.13693
-2.13956
-2.13897
-2.16459
-2.15645
-2.15973
-2.16443
-2.16476
-2.16338
-2.16459
-2.17074
-2.15016
-2.15394
-2.15359
