208 1 // quarterly inflation UK 1950-2001
.0084490544865278849
   -.0050487986543660494
    .0038461526886054646
     .021429391455899172
     .023283938954044903
      .02991213234294552
     .037929328538964045
     .021277398447284934
     .027000601818505832
     .014034671171505675
     .011257521730622244
     .010929070532190277
    .0088539683172550454
    .0034966658522944446
    .0023627259115980518
   .00097323608655219829
    .0038835000263977015
  -.00045288231567433036
     .019647329571821269
    .0094608085042291457
     .011236073266925661
    .0011711843376170702
     .018193182844174059
     .026139388203035185
    .0079752305743703289
     .010380580227829927
    .0010280560188483893
     .012142386825725549
     .013698844358161821
   -.0037022279212014734
     .018054521560545121
     .015800744531343724
    .0049382816405825203
     .005178695823623158
   -.0076447883188165196
     .016326893287428756
      .00726102423704722
    -.019195164592037094
     .001352031024452938
     .010582109330536937
    .0016181233304104481
   -.0022161098990637566
    .0054445227111829201
     .012810423385640313
    .0079239717308916546
    .0031766212577034377
     .017136577193014889
      .01382510499184253
     .012130550568507648
     .010933837100267496
    .0010513250907625785
    .0014880955127019035
     .016955806146556007
   -.0033302898966648623
    -.001799805634364748
    .0095064701308285038
      .01013766828445517
    .0094758423054642545
     .014021144724886714
    .0098040000966208574
     .011088124690466383
     .016238170843137924
    .0096136089566830844
    .0080267989494529068
    .0092838863100079827
     .010116977464205234
    .0088440351770463724
    .0096681384730552544
    .0063938836752557293
   .00010326152260962083
    .0005338840867116449
     .013287129995433133
     .015591210743254091
     .014571327813585366
       .0110867688006139
     .013181736702064573
       .0212022076506031
    .0070642343063754606
      .00854753116573761
     .014241197677567818
     .019048194970694432
     .015161743064794652
      .01705507540917308
     .022842958709059946
     .027455752044765358
     .026424432184340409
     .019514748658483148
     .014535139619113124
     .016694878572170335
    .0092396314485979399
     .022420368514234922
     .025787450205738693
      .01858460568563336
     .022273973566635609
     .021472281247718515
     .035857952523280723
     .041631383475813521
     .048532346192206345
     .030942612590371697
     .045916598973700484
     .059515650122698993
     .081164781731072194
     .049376347219456294
     .035618679023468491
     .036767860878919478
     .026667316926561303
     .029436522599991653
     .046010305648833238
     .050567358821126618
     .034309576015529954
     .022622619069919379
     .015477887702316728
     .018345313325685009
     .017832796549439679
     .024434135780271669
     .017275655400423418
     .032174357027856093
     .026746505984520309
     .072052765407577019
     .028611847393261947
     .047311593290411125
     .047658955858850584
     .028346250065541943
     .019031590616479299
     .024450400667797467
     .038781630194151796
     .024870035227636221
     .024342236736361933
     .017338527162273465
     .023264626017671299
     .012001010038570925
    .0076572844519269267
    .0049519999739722209
     .012725448519324977
      .01963676637474112
     .011481715000671855
    .0058637707537911865
     .012826313687920176
     .015764819641339044
      .01240051319845481
     .012574655877924279
     .026879766367600234
    .0091890175453887227
    .0049140148024289232
    .0068600206661635355
    .0066148920918363881
    .0072720769491553486
     .012688593319088781
     .011632702375462323
    .0095762452607891287
    .0082107849419402971
      .01071612787684284
    .0048332621880193827
     .017571993572356705
     .020275475354504378
     .020221277247233438
     .016245844665578879
     .021995478779554746
     .015778006251654729
     .019633579877976537
     .017595761890379258
     .039212374076757685
     .022779301951210938
     .015492176615770958
    .0053660535046384794
     .014930822079447381
      .01073096343503579
    .0096404157821741165
    .0051527533956559068
     .014818705213985517
    .0055308342012944326
    .0043072571975804053
   -.0064678630074856969
    .0094870915838486166
    .0090848707858469883
    .0035323244075451399
    .0014094435032339092
     .011202449951226079
    .0069418021721773474
    .0062047768868831454
     .008895029568868118
     .011975276650325916
     .008922012277810332
     .001333333530864067
    .0053156271343874906
    .0062625109586168289
    .0082114259312179531
    .0058612997499913888
    .0058271450091931243
    .0065789123161646753
     .015764819641338156
    .0081735758406411563
    .0031259794132925123
      .01230340789574722
    .0093090418470826112
    .0042669982449909938
   -.0042669982449909938
    .0046857104400285007
    .0068540471340416079
    .0072202479734873037
    .0041878613404744414
     .012088283792457943
    .0080069550639668922
     .006415886691907069
    -.001163467263297413
        .005899411810082
     .006824877854291778
   -.0011500863832374364
